0 474
0 566
0 423
7 474
7 354
7 566
11 333
11 238
11 665
13 270
13 149
13 2364
15 1678
15 185
15 566
23 1678
23 566
23 2008
24 2416
24 174
24 1319
28 474
28 906
28 333
34 580
42 2025
42 1815
42 2522
43 1908
43 665
43 2197
48 566
48 906
48 2280
50 270
50 149
50 666
53 321
53 1515
53 2303
64 566
64 474
64 906
66 922
66 566
66 1259
67 2338
67 270
67 666
81 1876
84 922
84 566
84 15
85 2213
85 1370
85 474
92 1768
92 906
92 2003
94 922
94 354
94 499
96 346
97 497
97 2588
97 965
105 1259
105 1876
105 437
110 364
110 2588
110 810
112 2003
112 15
112 566
115 474
115 922
115 1259
117 163
117 346
118 2688
118 401
118 801
119 2338
119 1797
119 474
132 831
132 174
132 2416
134 474
134 2338
134 578
135 174
135 346
135 1786
143 831
143 134
143 149
146 2416
146 174
146 2145
147 1678
147 566
147 1280
149 1954
149 2338
149 1547
150 2159
150 1529
150 314
151 2076
151 831
151 672
152 2416
152 174
152 24
155 566
155 474
155 2338
156 1678
156 1768
156 2213
160 143
160 2416
160 1368
161 2416
161 2076
161 580
163 174
163 346
163 2416
164 566
164 1678
164 1280
165 474
165 566
165 2213
167 906
167 474
167 1954
170 1547
170 1319
170 1306
173 174
173 1368
173 580
174 2076
174 580
174 134
175 2213
175 1797
175 1678
176 922
176 474
176 2361
178 1368
178 174
178 2145
185 474
185 15
185 1678
188 450
188 1843
188 906
192 1547
192 2377
192 1319
197 2145
197 831
197 1475
199 1259
199 566
199 2303
200 2361
200 922
200 423
209 922
209 1259
209 632
216 1678
216 354
216 1584
217 143
220 2377
220 364
220 2338
229 556
229 1603
229 2522
234 867
234 1280
234 2158
238 333
238 906
238 2008
242 314
242 2158
242 632
245 170
245 749
245 1319
248 1259
248 423
248 922
250 174
261 319
261 279
261 906
263 1797
263 364
263 578
267 844
267 364
267 2364
270 2008
270 578
270 474
274 170
274 143
274 672
275 831
275 134
275 2658
278 346
279 474
279 319
279 2008
281 645
281 170
281 149
283 2145
285 134
285 279
285 2172
287 2008
287 566
287 1579
288 174
288 143
288 2076
290 174
291 118
291 651
291 940
308 566
308 906
308 2303
311 505
311 1280
311 2338
314 474
314 423
314 2361
319 906
319 922
319 1678
321 1515
321 474
321 2303
325 134
325 831
325 149
327 2670
327 566
327 2091
328 143
328 831
328 134
331 2008
331 906
331 2213
332 505
332 1259
332 423
333 2008
333 906
333 474
334 174
334 352
334 2145
339 1547
339 2377
339 1306
346 2416
346 170
346 2076
348 163
348 346
348 2416
350 311
350 2687
350 2544
351 314
351 497
351 1876
352 174
352 170
352 580
354 474
354 826
354 922
356 2176
356 2416
356 143
360 2145
360 352
364 474
364 2364
364 2338
367 1678
367 2280
367 566
368 364
368 2446
368 2507
372 474
372 566
372 906
373 2416
373 1541
373 2076
375 922
375 2003
375 474
376 2091
376 2280
376 2609
377 1150
377 2713
377 922
381 270
381 578
381 2507
382 1876
384 474
384 15
384 2280
387 134
387 2145
387 831
389 474
389 1678
389 922
394 389
394 149
394 2101
396 2280
396 566
396 1774
397 1259
397 2001
397 1280
398 174
398 2076
398 1368
401 2688
401 801
401 118
403 474
403 423
403 1678
404 2544
404 2251
404 505
405 1932
405 2303
405 474
407 2091
407 2338
407 2172
409 149
409 2377
409 474
410 174
410 143
410 1368
412 174
416 163
416 1368
417 2688
417 1681
417 474
418 578
418 1797
418 2364
423 922
423 1259
423 1678
426 143
426 170
426 174
427 170
427 1613
427 684
429 1259
429 474
429 437
430 2008
430 2213
430 1280
432 580
432 174
432 143
434 2416
434 2076
434 2145
437 566
437 474
437 922
438 499
438 2361
438 922
442 1115
442 396
442 314
448 592
448 279
448 505
450 566
450 2293
450 922
452 1306
452 1815
452 2522
457 174
457 346
457 1368
462 2008
462 474
462 2361
465 174
465 2416
465 346
466 1280
466 1259
466 2545
473 1954
473 1259
473 1238
474 906
474 2213
474 566
475 906
475 2008
475 2364
478 474
478 2213
478 364
479 2161
479 566
479 1280
482 1368
493 170
493 645
493 478
497 474
497 2213
497 2091
499 922
499 474
499 423
501 474
501 118
501 2688
505 474
505 1678
505 566
512 1678
512 423
512 922
513 1259
513 566
513 423
514 170
514 1547
514 2338
515 1259
515 566
515 396
518 170
518 2076
518 143
521 143
521 1368
521 134
523 1259
523 566
523 1579
525 1815
525 2417
525 1306
526 2377
526 474
526 831
529 437
529 2361
529 423
532 333
532 238
532 647
533 2008
533 474
533 2361
539 474
539 1259
539 632
540 2687
540 2544
540 311
541 2025
541 1306
541 1815
544 1022
544 1383
544 578
551 314
551 396
551 2361
556 474
556 566
556 906
557 2416
557 174
557 580
558 578
558 270
558 149
559 2076
559 749
559 1368
561 333
561 2172
561 474
562 174
562 580
562 143
566 922
566 474
566 1259
568 497
568 2092
568 149
569 566
569 2001
569 423
570 2008
570 566
570 474
571 474
571 2213
571 1259
577 474
577 2213
577 566
578 2338
578 474
578 429
580 1022
580 1319
580 2377
584 906
584 1678
584 474
585 2416
585 1368
585 1541
590 2161
590 2246
590 2008
591 270
592 2008
592 1876
592 1370
597 2361
597 1259
597 1280
598 1259
598 1115
598 632
599 2255
599 134
599 2425
601 1815
601 1306
601 2417
607 2417
607 2025
607 1306
610 2364
610 319
610 1797
611 2377
611 270
611 826
612 2172
612 474
612 401
614 1306
614 2417
614 2025
616 1259
616 2142
616 499
617 566
617 1259
617 15
624 1932
624 1319
624 578
626 1368
626 831
626 170
627 1954
627 2338
627 474
628 1876
628 497
628 2247
629 2008
629 1932
629 2364
630 279
630 2664
630 333
631 1280
631 1259
631 2545
632 474
632 1259
632 906
635 2377
635 143
635 325
636 2025
636 1306
636 1815
638 580
638 143
638 174
640 578
640 270
640 2255
641 1473
641 906
641 2213
643 2425
643 578
643 2377
645 578
645 2338
645 566
646 2688
646 401
646 118
647 333
647 2008
647 844
649 1022
649 134
649 1368
651 2688
651 118
651 401
653 1368
653 2377
653 1306
657 143
657 2416
657 1368
658 2008
658 1678
658 474
663 1115
663 2159
663 2236
665 2213
665 474
665 319
666 566
666 2338
666 364
672 149
672 170
672 1022
676 429
676 2592
676 1876
677 831
677 474
677 2364
684 270
684 578
684 279
686 143
686 2076
686 2145
689 826
689 1473
689 2520
690 149
690 1932
690 170
691 174
691 143
691 346
694 170
694 134
694 580
697 174
697 580
697 578
699 474
699 922
699 906
700 2076
701 566
701 474
701 2213
706 149
706 170
706 578
713 1259
713 2251
713 2236
715 1306
715 1815
715 2025
717 1876
717 2163
717 1473
718 474
718 2172
718 499
720 2303
720 823
720 1370
723 1787
723 2377
723 505
725 174
725 1368
725 2416
737 2303
737 2213
737 499
743 2361
743 1280
743 1876
744 174
744 143
744 2145
746 192
746 831
746 143
749 831
749 1319
749 2685
757 2213
757 474
757 906
759 2101
759 1280
759 1259
762 906
762 1186
762 279
763 1259
763 566
763 870
770 474
770 1259
770 2101
771 1280
771 474
771 2280
800 474
800 566
800 556
801 2688
801 401
801 118
804 143
804 174
804 2076
810 2338
810 134
810 1150
822 1475
822 2076
822 174
823 474
823 185
823 566
826 474
826 354
826 566
829 922
829 2213
829 566
831 474
831 1319
831 149
840 2361
840 2364
840 1876
843 174
843 1368
843 580
844 474
844 2008
844 1579
847 566
847 922
847 826
852 396
852 566
852 2280
855 651
855 501
855 401
857 1613
857 1319
857 831
867 1259
867 922
867 2361
870 566
870 906
870 64
886 566
886 2008
886 922
890 1306
890 1815
890 2522
891 319
891 279
891 2213
892 2158
892 2101
892 1280
905 474
905 1954
905 2303
906 474
906 1768
906 1579
907 906
907 1579
907 474
911 1319
911 333
911 2076
921 2176
921 321
921 1515
922 566
922 423
922 474
923 474
923 1259
923 1678
929 423
929 15
929 474
940 2688
940 118
940 401
952 2338
952 2016
952 505
959 566
959 2303
959 1259
961 1815
961 2025
961 556
962 2008
962 1678
962 270
965 566
965 499
965 1259
972 1259
972 2098
972 1678
974 474
974 423
974 1787
991 149
991 2145
991 580
994 1280
994 423
994 2101
995 1259
995 2213
995 922
997 270
997 2296
997 578
999 566
999 2213
999 922
1002 2076
1002 831
1012 2159
1012 2236
1012 1115
1013 906
1013 319
1013 279
1014 192
1014 2070
1014 1319
1019 174
1019 170
1019 143
1020 831
1020 580
1020 2377
1021 474
1021 2361
1021 906
1022 1678
1022 566
1022 2008
1023 1259
1023 906
1023 474
1036 1280
1036 577
1036 2142
1037 906
1037 922
1037 571
1044 2158
1044 1259
1044 929
1046 906
1046 2361
1046 2213
1048 149
1048 578
1048 2076
1050 578
1050 134
1050 1547
1055 823
1055 1586
1055 2364
1056 2236
1057 1547
1057 831
1057 474
1060 1473
1060 462
1060 1559
1064 474
1064 2236
1064 1529
1071 474
1071 566
1071 922
1074 2338
1074 2588
1074 666
1091 474
1091 566
1091 922
1095 922
1095 474
1095 499
1099 1368
1099 831
1099 2223
1107 694
1107 558
1107 352
1108 1259
1108 2101
1108 505
1109 906
1109 474
1109 354
1110 474
1110 1678
1110 922
1115 474
1115 571
1115 800
1118 423
1118 922
1118 2659
1125 1370
1125 2362
1125 922
1126 2025
1126 1306
1126 2417
1128 474
1128 2293
1128 2008
1136 2213
1136 474
1136 566
1145 333
1145 238
1145 844
1149 906
1149 566
1149 423
1150 922
1150 906
1150 566
1154 1954
1154 1678
1154 2338
1165 1259
1165 474
1165 922
1172 922
1172 571
1172 566
1178 1115
1178 2159
1178 1520
1181 418
1186 922
1186 499
1186 2213
1187 1259
1187 505
1187 1115
1188 1786
1188 163
1188 585
1190 2103
1190 346
1190 2416
1209 1678
1209 2361
1209 1259
1211 566
1211 922
1211 423
1222 42
1222 2522
1222 1306
1225 2098
1225 1584
1225 1259
1226 906
1226 333
1226 423
1228 566
1228 474
1228 1678
1229 319
1229 906
1229 2364
1238 566
1238 474
1238 1259
1247 333
1247 1603
1247 423
1250 270
1250 2364
1250 578
1253 1368
1253 192
1253 143
1258 823
1258 261
1258 279
1259 566
1259 423
1259 1678
1264 2361
1264 1324
1264 632
1274 831
1274 170
1274 1050
1277 321
1277 1515
1277 2008
1280 1678
1280 1259
1280 566
1284 676
1284 1280
1284 474
1288 474
1288 1259
1288 566
1289 314
1289 1280
1289 2101
1291 2364
1291 2323
1291 2161
1299 474
1299 2364
1299 2213
1303 364
1303 1978
1303 578
1304 571
1304 354
1304 474
1306 474
1306 2417
1306 1815
1319 474
1319 906
1319 2303
1324 922
1324 1259
1324 354
1325 2076
1325 134
1325 578
1328 2076
1333 2338
1333 2364
1333 1306
1335 1613
1335 1368
1335 1541
1337 474
1337 1383
1337 1280
1343 352
1343 174
1343 2076
1348 922
1348 906
1348 474
1357 2008
1357 2364
1357 1932
1368 1547
1368 149
1368 1319
1370 922
1370 2213
1370 1678
1376 2101
1376 1954
1376 1678
1378 2544
1378 474
1378 1383
1383 474
1383 566
1383 2592
1384 2417
1384 2025
1384 1306
1386 906
1386 2364
1386 474
1393 906
1393 922
1393 199
1394 1876
1394 270
1394 1707
1395 1259
1395 566
1395 2001
1397 2364
1397 505
1397 2008
1399 749
1399 2076
1399 1368
1400 1621
1400 1584
1400 870
1406 922
1406 423
1406 906
1412 1603
1412 474
1412 2293
1414 2092
1414 149
1414 831
1420 1259
1420 474
1420 922
1432 143
1432 2416
1437 566
1437 1678
1437 1186
1441 2158
1441 1259
1441 1876
1447 149
1447 174
1447 2246
1451 2361
1451 2213
1451 319
1454 1115
1454 2653
1454 1633
1455 1126
1455 2417
1455 2436
1457 279
1457 2213
1457 906
1461 1115
1461 1584
1461 1304
1466 1319
1466 578
1466 2213
1470 1613
1471 1584
1471 2154
1471 2251
1473 2008
1473 906
1473 474
1474 906
1474 2172
1474 474
1475 1547
1475 2377
1475 578
1477 1319
1477 1547
1477 844
1482 1280
1482 1621
1482 1529
1484 823
1484 2544
1484 474
1485 1115
1485 1520
1486 2172
1486 1259
1486 2101
1498 474
1498 2303
1498 1678
1500 886
1500 2101
1500 1954
1501 2688
1501 118
1501 501
1505 906
1505 2213
1505 1259
1515 321
1515 474
1515 906
1520 1678
1520 2213
1520 823
1523 474
1523 566
1523 1259
1526 844
1526 279
1526 2362
1528 1678
1528 1876
1528 566
1529 566
1529 474
1529 2280
1535 1678
1535 922
1535 2213
1536 906
1536 2008
1536 474
1541 2664
1541 1319
1541 1477
1545 1304
1545 1280
1545 423
1547 2213
1547 566
1547 474
1558 174
1558 143
1559 1603
1559 922
1559 906
1564 922
1564 1259
1564 474
1565 922
1565 396
1565 1790
1568 1319
1568 1655
1568 170
1571 1399
1571 749
1571 24
1576 1280
1576 2592
1576 566
1579 906
1579 474
1579 2213
1580 1280
1580 1581
1580 1678
1581 1259
1581 566
1581 632
1583 2545
1583 354
1583 423
1584 2213
1584 1678
1584 566
1586 474
1586 566
1586 922
1593 929
1593 1259
1593 2101
1595 118
1595 940
1595 401
1602 831
1602 1934
1602 2076
1603 1843
1603 906
1603 1678
1604 474
1604 2361
1604 1932
1607 474
1607 566
1607 906
1608 1621
1608 800
1608 2159
1609 1368
1609 174
1609 1319
1613 1319
1613 831
1613 1547
1616 1954
1616 2362
1616 2364
1621 1259
1621 1528
1621 566
1623 1876
1623 1579
1623 1383
1624 1259
1624 1280
1624 2101
1626 1319
1626 1613
1626 749
1630 922
1630 906
1630 423
1633 566
1633 474
1633 2592
1638 314
1638 149
1638 270
1641 170
1641 1547
1641 1678
1642 143
1642 1368
1642 2416
1647 1787
1647 2544
1647 474
1651 1154
1651 2544
1651 1383
1654 2522
1654 474
1654 2025
1655 831
1655 1319
1655 1547
1656 2377
1656 1319
1656 149
1664 922
1664 1370
1664 499
1665 1150
1665 1280
1665 566
1673 333
1673 238
1673 2008
1678 566
1678 906
1678 2213
1681 1678
1681 906
1681 474
1697 474
1697 2361
1697 2213
1702 474
1702 906
1702 2213
1705 2107
1705 1357
1705 2076
1707 566
1707 1678
1707 2522
1710 423
1710 922
1710 319
1711 174
1711 580
1711 143
1714 474
1714 2361
1714 423
1726 499
1726 1678
1726 505
1731 270
1731 497
1731 570
1734 578
1734 2076
1734 2425
1738 64
1738 1787
1738 922
1739 578
1739 270
1739 174
1745 1259
1745 826
1745 1876
1754 1368
1754 2076
1754 1319
1755 149
1755 1319
1755 578
1758 270
1758 2103
1758 1022
1768 2003
1768 906
1768 474
1773 2713
1773 2323
1773 1259
1774 1678
1774 2280
1774 1280
1781 1678
1781 423
1781 1259
1786 346
1786 749
1786 2416
1787 566
1787 906
1787 474
1790 474
1790 566
1790 1678
1795 2101
1795 1678
1795 1954
1797 906
1797 1678
1797 474
1798 118
1798 401
1798 2620
1808 566
1808 1586
1808 149
1815 2025
1815 1306
1815 2417
1818 149
1818 2416
1818 558
1827 1932
1827 2008
1827 279
1829 2008
1829 515
1829 423
1833 578
1833 2364
1833 2588
1839 474
1839 499
1839 1259
1843 1603
1843 2213
1843 1678
1854 1259
1854 1280
1854 2016
1858 1259
1858 566
1858 474
1859 308
1859 1259
1859 15
1864 423
1864 1259
1864 2361
1872 666
1872 149
1872 2338
1876 474
1876 922
1876 2361
1880 1678
1880 474
1880 2213
1885 592
1885 1932
1885 1876
1888 1872
1888 2069
1888 2364
1890 923
1890 396
1890 2609
1900 923
1900 1259
1900 566
1905 831
1905 2255
1905 2092
1908 1259
1908 2008
1908 1797
1932 2008
1932 279
1932 2213
1934 2338
1934 2377
1934 1319
1939 149
1939 2076
1939 558
1942 418
1942 1978
1942 1333
1945 1259
1945 2508
1945 2213
1948 174
1948 24
1948 1368
1952 163
1952 346
1952 1786
1953 831
1953 2664
1953 1908
1954 566
1954 556
1954 279
1958 1584
1958 1621
1958 2361
1960 333
1960 2008
1960 844
1977 2361
1977 2016
1977 852
1978 2364
1978 2338
1978 2255
1979 2142
1979 1259
1979 423
1980 174
1980 580
1980 2416
1984 474
1984 2213
1984 497
1988 134
1988 665
1988 333
2001 566
2001 474
2001 354
2003 1768
2003 474
2003 2008
2006 2213
2006 474
2006 2685
2008 906
2008 474
2008 1768
2012 474
2012 566
2012 922
2013 163
2013 2416
2016 423
2016 505
2016 1678
2017 1259
2017 505
2017 1876
2020 1259
2020 632
2020 1707
2025 2522
2025 1815
2025 1306
2026 2158
2026 2364
2026 1457
2028 2653
2028 474
2028 1259
2032 906
2032 474
2032 922
2051 715
2051 1306
2051 2417
2052 1368
2052 1547
2052 749
2060 134
2060 578
2060 170
2062 2416
2062 2145
2062 174
2065 505
2065 922
2065 2251
2069 1154
2069 270
2069 2338
2070 1014
2070 749
2070 174
2071 749
2071 1786
2071 2175
2074 922
2074 2158
2074 1259
2076 1319
2076 831
2076 2338
2078 174
2078 143
2078 2145
2091 474
2091 566
2091 2213
2092 2101
2092 364
2092 2338
2096 665
2096 2008
2096 844
2097 1815
2097 2025
2097 42
2098 474
2098 2280
2098 922
2099 2174
2099 2145
2099 2351
2101 1678
2101 354
2101 474
2103 2008
2103 1954
2103 279
2104 2159
2107 2338
2107 2364
2107 2664
2109 646
2109 2476
2109 940
2111 1368
2111 2416
2111 174
2118 1678
2118 2213
2118 566
2131 2161
2131 632
2131 474
2136 185
2136 474
2136 2158
2137 823
2137 1586
2137 2161
2138 2145
2138 174
2138 580
2142 474
2142 906
2142 566
2144 192
2144 1319
2144 2076
2145 149
2145 134
2145 831
2149 333
2149 1932
2149 1145
2152 149
2152 143
2152 478
2153 143
2153 2175
2154 474
2154 2213
2154 922
2158 474
2158 566
2158 2001
2159 2158
2159 566
2159 1280
2160 2091
2160 2213
2160 1678
2161 474
2161 906
2161 1280
2162 906
2162 474
2162 2246
2163 906
2163 319
2163 2008
2166 2159
2166 2160
2166 823
2170 1584
2170 2361
2170 1304
2172 474
2172 1678
2172 279
2174 2145
2174 143
2174 174
2175 749
2175 1319
2175 1541
2176 1319
2176 2008
2176 1547
2178 2159
2178 1288
2178 1280
2186 174
2187 2377
2187 2091
2187 2008
2194 1259
2194 929
2194 2361
2197 2008
2197 906
2197 333
2198 474
2198 906
2198 2280
2199 2364
2199 1797
2199 2172
2204 666
2204 364
2204 1022
2206 922
2206 1774
2206 1370
2213 474
2213 906
2213 1678
2214 1259
2214 1584
2214 354
2218 1678
2218 2213
2218 474
2221 556
2221 474
2221 566
2223 578
2223 1547
2223 149
2226 149
2226 2588
2226 831
2230 2544
2230 2213
2230 1383
2232 922
2232 474
2232 354
2233 174
2233 143
2233 352
2236 474
2236 566
2236 1259
2239 1787
2239 922
2239 1586
2244 1678
2244 906
2244 2213
2245 270
2245 1154
2245 578
2246 906
2246 665
2246 2008
2247 474
2247 2213
2247 2008
2250 2175
2251 566
2251 1678
2251 922
2255 2172
2255 474
2255 2338
2256 170
2256 134
2256 2076
2258 2280
2258 1876
2258 2545
2263 319
2263 906
2263 2008
2264 474
2264 2008
2264 505
2273 1337
2273 2425
2273 149
2280 474
2280 566
2280 1678
2288 571
2288 2361
2288 1259
2293 474
2293 566
2293 2213
2295 569
2295 994
2295 2020
2296 906
2296 566
2296 474
2303 566
2303 474
2303 1678
2306 2098
2306 2364
2306 578
2313 578
2313 1022
2313 826
2318 174
2318 2174
2320 2158
2320 906
2320 632
2323 566
2323 474
2323 2091
2325 1280
2325 2142
2325 2159
2326 2158
2326 2142
2326 2544
2332 2145
2332 580
2332 143
2334 2142
2334 423
2334 1259
2335 831
2335 2425
2335 2588
2336 2008
2336 2101
2336 2213
2337 2145
2338 1678
2338 566
2338 319
2348 2688
2348 801
2348 118
2350 2688
2350 401
2350 118
2351 134
2351 578
2351 2076
2355 174
2361 2213
2361 922
2361 474
2362 279
2362 2361
2362 474
2364 2008
2364 474
2364 906
2365 1678
2365 474
2365 319
2366 2236
2366 959
2366 2091
2371 578
2371 831
2371 2338
2372 2293
2372 474
2372 1678
2375 1621
2375 1259
2375 354
2377 566
2377 2213
2377 2303
2378 1259
2378 566
2378 2592
2382 2338
2382 2508
2382 1150
2384 2544
2384 1259
2384 1165
2388 665
2388 1954
2388 2008
2392 2172
2392 497
2392 906
2394 1876
2394 2338
2394 2255
2396 1541
2396 163
2406 401
2406 118
2406 940
2408 279
2408 1280
2408 922
2413 566
2413 2213
2413 922
2416 578
2416 580
2416 1319
2417 1306
2417 1815
2417 2025
2418 1280
2418 1259
2418 632
2421 474
2421 922
2421 2098
2422 1547
2422 1541
2422 24
2425 2364
2425 2218
2425 2377
2428 474
2428 566
2428 2303
2430 2416
2430 143
2430 174
2431 2520
2431 134
2431 1337
2434 1259
2434 922
2434 566
2436 1815
2436 42
2436 2025
2438 1876
2438 826
2438 1259
2442 578
2442 906
2442 2364
2443 1259
2443 823
2443 1584
2445 423
2445 270
2445 1932
2446 474
2446 2008
2446 2338
2450 1259
2450 632
2450 2016
2452 474
2452 2213
2452 2280
2453 1678
2453 423
2453 2101
2454 174
2454 2145
2454 2052
2457 474
2457 906
2457 566
2461 174
2467 1319
2467 170
2467 2377
2468 1259
2468 922
2468 1280
2472 149
2472 134
2472 1319
2473 185
2473 826
2473 423
2475 566
2475 2025
2475 474
2476 2688
2476 401
2476 118
2477 1787
2477 2338
2477 1678
2478 333
2478 1319
2478 844
2483 1280
2483 423
2483 2361
2484 346
2487 922
2487 566
2487 1280
2493 1259
2493 474
2493 566
2503 906
2503 474
2503 319
2507 474
2507 2685
2507 505
2508 2213
2508 1678
2508 906
2511 906
2511 922
2511 474
2513 314
2514 922
2514 474
2514 2213
2515 2364
2515 1370
2515 2008
2516 1259
2516 906
2516 2101
2520 474
2520 906
2520 2213
2521 1259
2521 474
2521 2158
2522 2025
2522 1306
2522 1815
2523 2544
2529 1280
2529 474
2529 1876
2531 1259
2531 474
2531 566
2533 2223
2533 1908
2539 1280
2539 1678
2539 2213
2540 922
2540 1259
2540 423
2544 566
2544 906
2544 1259
2545 2213
2545 1678
2545 474
2547 1150
2547 2685
2547 922
2549 1259
2549 2001
2549 423
2560 1259
2560 2101
2560 1726
2563 922
2563 1678
2563 566
2564 2213
2564 2303
2564 474
2565 499
2565 870
2565 2670
2569 1259
2569 922
2569 1876
2570 1109
2570 261
2570 2172
2571 512
2571 829
2571 922
2574 2685
2574 2377
2574 364
2579 407
2579 2223
2579 578
2580 505
2580 2361
2580 1954
2583 333
2583 2008
2583 2364
2584 346
2586 1280
2586 631
2586 314
2588 474
2588 423
2588 1678
2592 423
2592 566
2592 474
2600 2008
2600 279
2600 566
2602 1259
2602 474
2602 2101
2603 566
2603 423
2603 474
2605 1154
2605 270
2605 578
2609 474
2609 566
2609 2361
2611 2016
2611 505
2611 2544
2612 566
2612 474
2612 1259
2616 578
2616 1954
2616 2364
2617 1383
2617 505
2617 2521
2620 2688
2620 401
2620 118
2629 192
2629 749
2629 163
2630 1259
2630 2545
2630 922
2631 2025
2631 2417
2631 2522
2636 1259
2636 2280
2636 922
2638 906
2638 474
2638 423
2642 170
2642 2076
2642 831
2647 474
2647 1280
2647 1678
2648 2008
2648 906
2648 566
2649 2213
2649 474
2649 319
2650 2338
2650 1547
2650 149
2653 1370
2653 2280
2653 2303
2657 474
2657 505
2657 566
2658 2377
2658 149
2658 1368
2659 2280
2659 566
2659 423
2660 346
2660 132
2664 279
2664 906
2664 2303
2670 474
2670 571
2670 1259
2671 2069
2671 2364
2671 1022
2672 922
2672 474
2672 2280
2674 437
2674 1259
2674 1280
2675 665
2675 2246
2675 134
2677 174
2677 521
2677 1368
2681 1368
2681 2175
2681 346
2682 1368
2682 2076
2682 170
2685 474
2685 423
2685 566
2687 566
2687 2338
2687 1954
2688 401
2688 801
2688 118
2690 364
2690 2255
2690 2364
2694 1876
2694 2247
2694 497
2698 1368
2698 174
2700 2364
2700 1022
2700 2338
2703 632
2703 867
2703 2159
2706 1259
2706 1584
2706 566
2707 2008
2707 474
2707 2361
2708 1306
2708 1815
2708 2025
2709 1259
2709 2001
2709 2293
2712 118
2712 2688
2712 401
2713 2213
2713 906
2713 922
2714 831
2714 1022
2714 578
2722 2588
2722 149
2722 270
2727 354
2727 474
2727 499
